# image size
150 150 

# vertex list
20
4 75
15 43
11 85
17 118
40 115
56 143
84 131
101 141
122 112
131 111
143 83
137 46
123 63
86 91
41 62
85 44
106 23
78 8
57 19
39 18

#face list
27
1 2 3 88 88 88 88 88 88 88 88 88
1 3 4 83 83 83 83 83 83 83 83 83 
3 5 4 130 130 130 130 130 130 130 130 130
4 5 6 111 111 111 111 111 111 111 111 111
5 7 6 140 140 140 140 140 140 140 140 140
6 7 8 86 86 86 86 86 86 86 86 86
7 9 8 105 105 105 105 105 105 105 105 105
8 9 10 59 59 59 59 59 59 59 59 59
9 11 10 59 59 59 59 59 59 59 59 59
9 13 11 116 116 116 116 116 116 116 116 116
13 12 11 77 77 77 77 77 77 77 77 77
12 13 17 96 96 96 96 96 96 96 96 96
13 16 17 152 152 152 152 152 152 152 152 152
13 14 16 191 191 191 191 191 191 191 191 191
14 15 16 211 211 211 211 211 211 211 211 211
14 5 15 206 206 206 206 206 206 206 206 206
15 19 16 181 181 181 181 181 181 181 181 181
16 19 17 146 146 146 146 146 146 146 146 146
19 18 17 89 89 89 89 89 89 89 89 89 89
19 20 18 66 66 66 66 66 66 66 66 66 66
19 2 20 99 99 99 99 99 99 99 99 99 99
19 15 2 154 154 154 154 154 154 154 154 154
2 15 3 152 152 152 152 152 152 152 152 152
3 15 5 181 181 181 181 181 181 181 181 181
5 14 7 189 189 189 189 189 189 189 189 189
14 9 7 169 169 169 169 169 169 169 169 169
14 13 9 172 172 172 172 172 172 172 172 172